100 1000
56 82
12 61
48 88
89 88
79 37
48 23
86 42
89 92
50 32
38 55
34 98
38 99
32 84
100 8
62 39
56 35
85 58
86 76
56 18
38 27
88 6
79 36
50 9
61 93
9 46
38 59
86 57
74 35
50 37
21 13
83 74
17 53
66 100
74 63
1 93
89 68
82 75
69 49
26 5
79 47
38 12
17 70
12 93
14 25
50 87
56 98
38 91
32 63
34 38
1 24
100 60
56 24
56 15
56 65
86 26
66 97
79 22
56 70
86 67
100 99
34 87
21 78
20 60
56 90
100 5
79 5
38 43
1 71
56 84
16 53
80 60
74 93
91 41
74 98
86 20
56 67
12 91
56 12
9 78
34 31
48 65
56 97
56 45
49 95
7 55
32 88
56 53
48 40
34 49
21 60
7 32
33 53
71 28
71 84
63 68
56 1
74 52
50 100
88 27
49 85
1 22
21 90
1 2
91 36
1 70
50 4
86 47
45 3
38 96
71 57
1 45
74 44
79 54
90 20
74 54
21 30
63 19
39 6
1 88
100 84
56 87
89 36
82 43
63 57
16 41
56 71
16 62
85 99
1 6
50 19
74 15
2 84
86 27
50 25
79 77
89 85
10 6
66 99
32 95
1 7
32 43
1 40
74 65
1 65
50 41
16 36
86 36
1 62
86 6
88 43
80 92
100 93
74 19
34 23
34 28
24 31
1 29
50 84
10 18
86 35
21 34
21 41
48 13
90 58
86 18
34 88
17 60
56 14
50 27
79 40
62 32
16 90
66 48
4 73
38 5
33 43
62 87
33 47
7 26
74 43
86 70
89 46
66 82
62 11
21 85
66 33
37 61
95 96
1 60
34 52
1 9
71 11
48 95
86 97
56 36
80 3
38 74
86 84
38 57
71 23
38 22
90 86
16 97
79 50
21 46
74 100
48 76
1 82
1 72
56 11
69 40
100 55
10 15
56 40
38 67
90 73
7 86
90 71
29 73
86 24
34 81
74 55
17 6
74 70
38 47
49 91
75 6
10 11
12 47
50 89
79 82
85 15
16 23
12 97
62 63
9 27
16 2
64 43
88 67
38 73
29 42
10 14
1 3
86 13
37 76
17 28
16 88
16 71
80 94
74 31
86 54
86 28
10 72
66 75
14 28
85 97
1 11
69 93
86 68
38 63
2 31
56 25
86 25
34 74
86 60
21 62
79 95
83 99
38 71
45 81
74 78
87 57
100 72
48 27
1 77
71 3
56 19
86 59
89 18
56 59
17 18
85 91
10 95
16 35
50 75
21 14
21 74
1 84
16 100
56 46
16 6
34 78
89 22
79 67
1 33
1 100
56 60
21 40
33 15
38 18
74 53
1 81
61 58
86 45
50 35
91 98
48 43
79 38
86 22
56 3
50 77
38 54
29 58
79 81
16 29
80 22
12 40
17 46
61 78
56 4
48 38
74 47
33 2
34 27
38 25
50 26
14 27
79 76
1 37
12 67
38 61
66 32
100 53
90 67
86 65
56 99
79 59
38 78
37 24
73 54
86 63
86 53
30 39
17 9
71 36
79 18
38 41
79 29
86 85
17 11
50 67
21 61
1 87
2 54
88 74
74 91
26 19
79 84
66 25
63 77
50 97
74 96
63 36
34 11
1 8
86 94
17 93
16 49
26 54
86 73
33 94
1 46
87 78
21 19
50 57
1 49
13 35
1 28
89 60
16 15
66 57
49 44
100 46
32 36
21 38
10 53
88 63
29 38
1 85
48 12
32 24
56 23
56 94
86 9
50 90
50 48
38 72
85 61
48 85
50 43
1 15
86 23
100 31
74 67
9 88
1 23
62 45
49 3
1 4
86 81
79 33
90 84
16 45
34 97
90 94
56 37
21 36
71 5
45 54
9 72
50 73
71 65
79 24
9 77
26 6
90 18
100 57
1 42
48 100
34 54
21 44
1 63
88 35
90 46
88 36
79 10
63 72
90 87
66 55
16 14
74 84
86 12
12 58
34 40
1 32
16 99
66 16
48 84
16 40
79 2
80 44
38 23
38 95
71 52
2 70
79 53
86 31
45 78
86 72
86 5
7 19
29 91
79 1
1 38
86 38
80 96
34 59
100 23
50 18
30 8
79 14
69 68
29 39
48 74
90 81
34 15
48 70
34 96
32 40
66 86
37 40
56 32
88 59
100 65
38 52
32 26
79 43
50 62
26 11
50 34
90 80
89 100
56 91
1 34
86 75
86 91
88 68
79 92
1 20
50 12
34 65
16 60
50 60
62 59
17 89
48 77
74 92
56 76
82 59
82 40
17 85
16 74
21 59
86 74
64 13
100 27
16 7
90 54
86 80
10 68
1 91
71 35
16 8
50 45
48 47
38 70
63 40
38 40
34 41
74 41
56 41
56 50
38 53
7 39
12 43
74 26
86 61
90 70
79 70
1 10
50 71
88 5
1 96
34 35
48 18
74 40
82 72
50 94
12 11
10 99
50 92
29 41
48 5
63 78
85 46
79 45
34 13
79 100
34 58
89 15
56 69
48 53
66 62
86 8
1 94
1 36
10 77
82 78
82 7
38 81
21 6
1 99
89 61
38 8
79 94
38 94
88 40
10 89
1 98
89 99
16 10
82 100
12 52
16 1
1 97
62 92
82 73
48 3
48 44
61 15
82 85
49 90
24 23
16 37
80 35
100 3
14 68
87 72
1 5
91 53
79 80
1 18
37 15
74 46
10 55
50 86
29 43
89 27
1 92
79 28
1 90
100 40
74 76
90 72
17 49
79 64
89 55
32 60
16 34
87 46
74 25
66 68
87 3
1 73
63 23
16 70
91 22
89 57
74 61
9 61
48 92
56 89
88 72
80 41
33 13
7 94
90 65
56 93
16 20
50 11
74 80
16 32
32 35
48 14
56 33
86 78
66 26
100 43
79 61
74 72
1 39
48 57
1 13
38 35
62 14
38 44
74 6
50 14
87 45
34 24
66 19
16 33
63 43
26 65
82 36
37 63
49 72
50 23
85 8
86 98
48 67
7 91
74 36
63 59
62 74
48 46
17 58
38 97
38 26
32 61
34 63
33 37
1 41
88 52
26 12
38 80
48 80
16 67
85 18
79 6
63 58
56 26
16 9
50 74
50 98
32 86
82 24
48 26
50 28
1 75
10 26
34 57
7 31
10 5
100 68
1 80
50 65
56 31
34 44
69 72
56 57
71 40
38 28
56 92
16 58
86 15
38 31
89 43
80 8
12 76
16 12
48 68
48 78
82 6
38 65
86 93
7 41
34 5
90 3
48 41
50 99
79 56
21 45
56 75
79 13
89 91
7 71
95 72
32 74
50 63
56 10
12 8
38 24
56 78
88 81
49 74
48 60
91 72
66 80
21 2
49 93
34 91
86 95
100 61
50 54
79 30
63 52
21 12
56 88
37 91
56 28
56 9
86 14
1 26
74 27
100 59
32 72
91 63
32 87
79 60
49 61
38 58
48 31
74 11
16 87
16 17
33 92
56 58
34 45
74 23
63 61
1 55
56 100
74 12
33 9
79 48
7 60
16 13
32 78
56 74
17 44
1 58
21 96
90 53
56 34
86 19
56 62
38 76
88 12
12 23
49 14
17 75
79 49
4 54
29 28
71 44
10 75
33 98
14 13
71 70
80 98
4 18
82 12
1 25
12 31
38 92
87 40
10 93
34 36
82 87
100 91
56 72
4 8
56 73
17 26
90 11
34 100
38 19
86 44
1 57
56 85
83 87
63 46
89 52
45 59
1 17
50 31
10 97
50 53
62 22
89 54
83 39
88 11
86 46
74 8
10 13
50 13
89 73
80 93
48 61
16 96
56 80
56 86
48 96
50 36
34 12
48 54
16 19
50 46
48 11
1 27
16 22
17 92
86 92
86 88
48 20
69 74
90 55
48 58
86 99
1 86
16 3
16 28
12 27
33 29
17 43
79 78
86 58
1 74
79 52
16 57
50 49
16 43
83 46
48 86
74 99
21 67
38 60
50 24
21 25
56 95
88 18
21 73
86 77
17 99
79 69
56 38
69 3
50 20
21 56
37 13
56 96
16 5
79 27
16 27
21 52
50 47
17 45
12 15
21 95
38 46
16 86
34 71
86 43
1 19
48 9
74 5
50 3
66 38
48 15
12 54
88 57
86 55
74 59
80 12
38 77
17 19
16 11
86 41
88 38
37 88
1 54
79 16
86 71
50 93
48 8
38 68
17 84
16 91
1 68
16 52
1 76
7 63
1 53
50 80
50 38
21 43
86 52
74 3
38 15
16 81
1 95
17 88
17 32
50 69
33 93
80 46
89 26
16 72
74 94
38 6
66 5
74 60
1 59
88 100
50 5
62 5
86 40
56 47
7 97
86 100
50 72
21 92
4 76
1 43
82 76
1 89
88 25
30 51
16 84
30 93
56 39
50 22
7 67
62 86
86 11
10 96
1 31
50 39
79 57
1 14
79 26
21 9
74 97
34 46
90 8
74 57
100 78
48 25
61 47
